     14664     -10935       32
     15695     -10935       -5
     15695     -10667        0
     14664     -10667        0
     14664     -10935        0
     10746      -7108       32
     11081      -7108       -5
     11081      -5331        0
     10746      -5331        0
     10746      -7108        0
     14622      -7173       32
     15713      -7173       -5
     15713      -6899        0
     14622      -6899        0
     14622      -7173        0
     15397     -10929       32
     15707     -10929       -5
     15707      -6911        0
     15397      -6911        0
     15397     -10929        0
     11565     -11734       32
     13994     -11734       -5
     13994     -11445        0
     11565     -11445        0
     11565     -11734        0
     11252      -9846       32
     11522      -9846       -5
     11522      -8667        0
     11252      -8667        0
     11252      -9846        0
     14315      -9853       32
     14608      -9853       -5
     14608      -8675        0
     14315      -8675        0
     14315      -9853        0
     10737      -5712       32
     14059      -5712       -5
     14059      -5331        0
     10737      -5331        0
     10737      -5712        0
     13696      -7015       32
     14050      -7015       -5
     14050      -5349        0
     13696      -5349        0
     13696      -7015        0
     14653      -7554      132
     14813      -7554       -5
     14813      -7394        0
     14653      -7394        0
     14653      -7554        0
     11045     -11136      132
     11205     -11136       -5
     11205     -10976        0
     11045     -10976        0
     11045     -11136        0
     10799      -7912      132
     10959      -7912       -5
     10959      -7752        0
     10799      -7752        0
     10799      -7912        0
     11303      -9245      132
     11463      -9245       -5
     11463      -9085        0
     11303      -9085        0
     11303      -9245        0
     14402      -9436      132
     14562      -9436       -5
     14562      -9276        0
     14402      -9276        0
     14402      -9436        0
     11533      -8302       33
     14851      -8302       -5
     14851      -8045        0
     11533      -8045        0
     11533      -8302        0
     11449     -12088        7
     11789     -12088       -5
     11789     -10088        0
     11449     -10088        0
     11449     -12088        0
     10979     -12088        7
     11319     -12088       -5
     11319     -10088        0
     10979     -10088        0
     10979     -12088        0
     11319     -12088        7
     11449     -12088       -5
     11449     -10088        0
     11319     -10088        0
     11319     -12088        0
     11234      -9998       18
     11534      -9998       -5
     11534      -9698        0
     11234      -9698        0
     11234      -9998        0
     11319     -12268       18
     11449     -12268       -5
     11449     -12088        0
     11319     -12088        0
     11319     -12268        0
     11319     -10088       18
     11449     -10088       -5
     11449      -9998        0
     11319      -9998        0
     11319     -10088        0
     11319     -12088       18
     11449     -12088       -5
     11449     -10088        0
     11319     -10088        0
     11319     -12088        0
     11254      -9928       32
     11514      -9928       -5
     11514      -9768        0
     11254      -9768        0
     11254      -9928        0
     11559     -12068       32
     11719     -12068       -5
     11719     -10108        0
     11559     -10108        0
     11559     -12068        0
     11049     -12068       32
     11209     -12068       -5
     11209     -10108        0
     11049     -10108        0
     11049     -12068        0
     11304      -9928       31
     11464      -9928       -5
     11464      -9768        0
     11304      -9768        0
     11304      -9928        0
     11559     -10318       31
     11719     -10318       -5
     11719     -10158        0
     11559     -10158        0
     11559     -10318        0
     11559     -10658       31
     11719     -10658       -5
     11719     -10498        0
     11559     -10498        0
     11559     -10658        0
     11559     -10998       31
     11719     -10998       -5
     11719     -10838        0
     11559     -10838        0
     11559     -10998        0
     11559     -11338       31
     11719     -11338       -5
     11719     -11178        0
     11559     -11178        0
     11559     -11338        0
     11559     -11678       31
     11719     -11678       -5
     11719     -11518        0
     11559     -11518        0
     11559     -11678        0
     11559     -12018       31
     11719     -12018       -5
     11719     -11858        0
     11559     -11858        0
     11559     -12018        0
     11049     -10318       31
     11209     -10318       -5
     11209     -10158        0
     11049     -10158        0
     11049     -10318        0
     11049     -10658       31
     11209     -10658       -5
     11209     -10498        0
     11049     -10498        0
     11049     -10658        0
     11049     -10998       31
     11209     -10998       -5
     11209     -10838        0
     11049     -10838        0
     11049     -10998        0
     11049     -11338       31
     11209     -11338       -5
     11209     -11178        0
     11049     -11178        0
     11049     -11338        0
     11049     -11678       31
     11209     -11678       -5
     11209     -11518        0
     11049     -11518        0
     11049     -11678        0
     11049     -12018       31
     11209     -12018       -5
     11209     -11858        0
     11049     -11858        0
     11049     -12018        0
     10799     -12468       27
     11969     -12468       -5
     11969      -9388        0
     10799      -9388        0
     10799     -12468        0
     10979     -12088       76
     11789     -12088       -5
     11789     -10088        0
     10979     -10088        0
     10979     -12088        0
     11446      -8506        7
     11786      -8506       -5
     11786      -6506        0
     11446      -6506        0
     11446      -8506        0
     10596      -8506        7
     11316      -8506       -5
     11316      -6506        0
     10596      -6506        0
     10596      -8506        0
     11316      -8506        7
     11446      -8506       -5
     11446      -6506        0
     11316      -6506        0
     11316      -8506        0
     11231      -8896       18
     11531      -8896       -5
     11531      -8596        0
     11231      -8596        0
     11231      -8896        0
     11316      -8596       18
     11446      -8596       -5
     11446      -8506        0
     11316      -8506        0
     11316      -8596        0
     11316      -6506       18
     11446      -6506       -5
     11446      -6326        0
     11316      -6326        0
     11316      -6506        0
     11316      -8506       18
     11446      -8506       -5
     11446      -6506        0
     11316      -6506        0
     11316      -8506        0
     11251      -8826       32
     11511      -8826       -5
     11511      -8666        0
     11251      -8666        0
     11251      -8826        0
     10666      -8486       32
     11206      -8486       -5
     11206      -6526        0
     10666      -6526        0
     10666      -8486        0
     11556      -8486       32
     11716      -8486       -5
     11716      -6526        0
     11556      -6526        0
     11556      -8486        0
     10666      -8486       32
     11206      -8486       -5
     11206      -6526        0
     10666      -6526        0
     10666      -8486        0
     11301      -8826       31
     11461      -8826       -5
     11461      -8666        0
     11301      -8666        0
     11301      -8826        0
     10666      -6736       31
     10826      -6736       -5
     10826      -6576        0
     10666      -6576        0
     10666      -6736        0
     10666      -7076       31
     10826      -7076       -5
     10826      -6916        0
     10666      -6916        0
     10666      -7076        0
     10666      -7416       31
     10826      -7416       -5
     10826      -7256        0
     10666      -7256        0
     10666      -7416        0
     10666      -7756       31
     10826      -7756       -5
     10826      -7596        0
     10666      -7596        0
     10666      -7756        0
     10666      -8096       31
     10826      -8096       -5
     10826      -7936        0
     10666      -7936        0
     10666      -8096        0
     10666      -8436       31
     10826      -8436       -5
     10826      -8276        0
     10666      -8276        0
     10666      -8436        0
     11556      -6736       31
     11716      -6736       -5
     11716      -6576        0
     11556      -6576        0
     11556      -6736        0
     11556      -7076       31
     11716      -7076       -5
     11716      -6916        0
     11556      -6916        0
     11556      -7076        0
     11556      -7416       31
     11716      -7416       -5
     11716      -7256        0
     11556      -7256        0
     11556      -7416        0
     11556      -7756       31
     11716      -7756       -5
     11716      -7596        0
     11556      -7596        0
     11556      -7756        0
     11556      -8096       31
     11716      -8096       -5
     11716      -7936        0
     11556      -7936        0
     11556      -8096        0
     11556      -8436       31
     11716      -8436       -5
     11716      -8276        0
     11556      -8276        0
     11556      -8436        0
     11046      -6736       31
     11206      -6736       -5
     11206      -6576        0
     11046      -6576        0
     11046      -6736        0
     11046      -7076       31
     11206      -7076       -5
     11206      -6916        0
     11046      -6916        0
     11046      -7076        0
     11046      -7416       31
     11206      -7416       -5
     11206      -7256        0
     11046      -7256        0
     11046      -7416        0
     11046      -7756       31
     11206      -7756       -5
     11206      -7596        0
     11046      -7596        0
     11046      -7756        0
     11046      -8096       31
     11206      -8096       -5
     11206      -7936        0
     11046      -7936        0
     11046      -8096        0
     11046      -8436       31
     11206      -8436       -5
     11206      -8276        0
     11046      -8276        0
     11046      -8436        0
     10916      -9206       26
     11966      -9206       -5
     11966      -6126        0
     10916      -6126        0
     10916      -9206        0
     10566      -8536       27
     10916      -8536       -5
     10916      -6476        0
     10566      -6476        0
     10566      -8536        0
     10286      -8816        4
     12096      -8816       -5
     12096      -6196        0
     10286      -6196        0
     10286      -8816        0
     14517      -8507        7
     14857      -8507       -5
     14857      -6507        0
     14517      -6507        0
     14517      -8507        0
     13667      -8507        7
     14387      -8507       -5
     14387      -6507        0
     13667      -6507        0
     13667      -8507        0
     14387      -8507        7
     14517      -8507       -5
     14517      -6507        0
     14387      -6507        0
     14387      -8507        0
     14302      -8897       18
     14602      -8897       -5
     14602      -8597        0
     14302      -8597        0
     14302      -8897        0
     14387      -8597       18
     14517      -8597       -5
     14517      -8507        0
     14387      -8507        0
     14387      -8597        0
     14387      -6507       18
     14517      -6507       -5
     14517      -6327        0
     14387      -6327        0
     14387      -6507        0
     14387      -8507       18
     14517      -8507       -5
     14517      -6507        0
     14387      -6507        0
     14387      -8507        0
     14322      -8827       32
     14582      -8827       -5
     14582      -8667        0
     14322      -8667        0
     14322      -8827        0
     13737      -8487       32
     14277      -8487       -5
     14277      -6527        0
     13737      -6527        0
     13737      -8487        0
     14627      -8487       32
     14787      -8487       -5
     14787      -6527        0
     14627      -6527        0
     14627      -8487        0
     13737      -8487       32
     14277      -8487       -5
     14277      -6527        0
     13737      -6527        0
     13737      -8487        0
     14372      -8827       31
     14532      -8827       -5
     14532      -8667        0
     14372      -8667        0
     14372      -8827        0
     13737      -6737       31
     13897      -6737       -5
     13897      -6577        0
     13737      -6577        0
     13737      -6737        0
     13737      -7077       31
     13897      -7077       -5
     13897      -6917        0
     13737      -6917        0
     13737      -7077        0
     13737      -7417       31
     13897      -7417       -5
     13897      -7257        0
     13737      -7257        0
     13737      -7417        0
     13737      -7757       31
     13897      -7757       -5
     13897      -7597        0
     13737      -7597        0
     13737      -7757        0
     13737      -8097       31
     13897      -8097       -5
     13897      -7937        0
     13737      -7937        0
     13737      -8097        0
     13737      -8437       31
     13897      -8437       -5
     13897      -8277        0
     13737      -8277        0
     13737      -8437        0
     14627      -6737       31
     14787      -6737       -5
     14787      -6577        0
     14627      -6577        0
     14627      -6737        0
     14627      -7077       31
     14787      -7077       -5
     14787      -6917        0
     14627      -6917        0
     14627      -7077        0
     14627      -7417       31
     14787      -7417       -5
     14787      -7257        0
     14627      -7257        0
     14627      -7417        0
     14627      -7757       31
     14787      -7757       -5
     14787      -7597        0
     14627      -7597        0
     14627      -7757        0
     14627      -8097       31
     14787      -8097       -5
     14787      -7937        0
     14627      -7937        0
     14627      -8097        0
     14627      -8437       31
     14787      -8437       -5
     14787      -8277        0
     14627      -8277        0
     14627      -8437        0
     14117      -6737       31
     14277      -6737       -5
     14277      -6577        0
     14117      -6577        0
     14117      -6737        0
     14117      -7077       31
     14277      -7077       -5
     14277      -6917        0
     14117      -6917        0
     14117      -7077        0
     14117      -7417       31
     14277      -7417       -5
     14277      -7257        0
     14117      -7257        0
     14117      -7417        0
     14117      -7757       31
     14277      -7757       -5
     14277      -7597        0
     14117      -7597        0
     14117      -7757        0
     14117      -8097       31
     14277      -8097       -5
     14277      -7937        0
     14117      -7937        0
     14117      -8097        0
     14117      -8437       31
     14277      -8437       -5
     14277      -8277        0
     14117      -8277        0
     14117      -8437        0
     13987      -9207       26
     15037      -9207       -5
     15037      -6127        0
     13987      -6127        0
     13987      -9207        0
     13637      -8537       27
     13987      -8537       -5
     13987      -6477        0
     13637      -6477        0
     13637      -8537        0
     13357      -8817        4
     15167      -8817       -5
     15167      -6197        0
     13357      -6197        0
     13357      -8817        0
     14553     -12099        7
     14893     -12099       -5
     14893     -10099        0
     14553     -10099        0
     14553     -12099        0
     13703     -12099        7
     14423     -12099       -5
     14423     -10099        0
     13703     -10099        0
     13703     -12099        0
     14423     -12099        7
     14553     -12099       -5
     14553     -10099        0
     14423     -10099        0
     14423     -12099        0
     14338     -10009       18
     14638     -10009       -5
     14638      -9709        0
     14338      -9709        0
     14338     -10009        0
     14423     -12279       18
     14553     -12279       -5
     14553     -12099        0
     14423     -12099        0
     14423     -12279        0
     14423     -10099       18
     14553     -10099       -5
     14553     -10009        0
     14423     -10009        0
     14423     -10099        0
     14423     -12099       18
     14553     -12099       -5
     14553     -10099        0
     14423     -10099        0
     14423     -12099        0
     14358      -9939       32
     14618      -9939       -5
     14618      -9779        0
     14358      -9779        0
     14358      -9939        0
     13773     -12079       32
     14313     -12079       -5
     14313     -10119        0
     13773     -10119        0
     13773     -12079        0
     14663     -12079       32
     14823     -12079       -5
     14823     -10119        0
     14663     -10119        0
     14663     -12079        0
     13773     -12079       32
     14313     -12079       -5
     14313     -10119        0
     13773     -10119        0
     13773     -12079        0
     14408      -9939       31
     14568      -9939       -5
     14568      -9779        0
     14408      -9779        0
     14408      -9939        0
     13773     -10329       31
     13933     -10329       -5
     13933     -10169        0
     13773     -10169        0
     13773     -10329        0
     13773     -10669       31
     13933     -10669       -5
     13933     -10509        0
     13773     -10509        0
     13773     -10669        0
     13773     -11009       31
     13933     -11009       -5
     13933     -10849        0
     13773     -10849        0
     13773     -11009        0
     13773     -11349       31
     13933     -11349       -5
     13933     -11189        0
     13773     -11189        0
     13773     -11349        0
     13773     -11689       31
     13933     -11689       -5
     13933     -11529        0
     13773     -11529        0
     13773     -11689        0
     13773     -12029       31
     13933     -12029       -5
     13933     -11869        0
     13773     -11869        0
     13773     -12029        0
     14663     -10329       31
     14823     -10329       -5
     14823     -10169        0
     14663     -10169        0
     14663     -10329        0
     14663     -10669       31
     14823     -10669       -5
     14823     -10509        0
     14663     -10509        0
     14663     -10669        0
     14663     -11009       31
     14823     -11009       -5
     14823     -10849        0
     14663     -10849        0
     14663     -11009        0
     14663     -11349       31
     14823     -11349       -5
     14823     -11189        0
     14663     -11189        0
     14663     -11349        0
     14663     -11689       31
     14823     -11689       -5
     14823     -11529        0
     14663     -11529        0
     14663     -11689        0
     14663     -12029       31
     14823     -12029       -5
     14823     -11869        0
     14663     -11869        0
     14663     -12029        0
     14153     -10329       31
     14313     -10329       -5
     14313     -10169        0
     14153     -10169        0
     14153     -10329        0
     14153     -10669       31
     14313     -10669       -5
     14313     -10509        0
     14153     -10509        0
     14153     -10669        0
     14153     -11009       31
     14313     -11009       -5
     14313     -10849        0
     14153     -10849        0
     14153     -11009        0
     14153     -11349       31
     14313     -11349       -5
     14313     -11189        0
     14153     -11189        0
     14153     -11349        0
     14153     -11689       31
     14313     -11689       -5
     14313     -11529        0
     14153     -11529        0
     14153     -11689        0
     14153     -12029       31
     14313     -12029       -5
     14313     -11869        0
     14153     -11869        0
     14153     -12029        0
     14023     -12479       27
     15073     -12479       -5
     15073      -9399        0
     14023      -9399        0
     14023     -12479        0
     13673     -12129       26
     14023     -12129       -5
     14023     -10069        0
     13673     -10069        0
     13673     -12129        0
     13703     -12099       76
     14893     -12099       -5
     14893     -10099        0
     13703     -10099        0
     13703     -12099        0
     11544      -8227       52
     11734      -8227       -5
     11734      -8037        0
     11544      -8037        0
     11544      -8227        0
     11494      -8277       32
     11784      -8277       -5
     11784      -7987        0
     11494      -7987        0
     11494      -8277        0
     11494      -8277       33
     11784      -8277       -5
     11784      -7987        0
     11494      -7987        0
     11494      -8277        0
     14634      -8283       52
     14824      -8283       -5
     14824      -8093        0
     14634      -8093        0
     14634      -8283        0
     14584      -8333       32
     14874      -8333       -5
     14874      -8043        0
     14584      -8043        0
     14584      -8333        0
     14584      -8333       33
     14874      -8333       -5
     14874      -8043        0
     14584      -8043        0
     14584      -8333        0
         0          0    1e-009