     53000     -47000       50
     57000     -47000       -5
     57000     -43000        0
     53000     -43000        0
     53000     -47000        0
     53000     -47000       52
     57000     -47000       -5
     57000     -43000        0
     53000     -43000        0
     53000     -47000        0
     54000     -46000       51
     56000     -46000       -5
     56000     -44000        0
     54000     -44000        0
     54000     -46000        0
     28500      48000       50
     32500      48000       -5
     32500      52000        0
     28500      52000        0
     28500      48000        0
     28500      48000       52
     32500      48000       -5
     32500      52000        0
     28500      52000        0
     28500      48000        0
     29500      49000       51
     31500      49000       -5
     31500      51000        0
     29500      51000        0
     29500      49000        0
     36500      79500       44
     36500     103500       -7
     31000     103500        0
     31000      83500        0
     33500      83500        0
     33500      79500        0
     36500      79500        0
     32500      85000       49
     34500      85000       -5
     34500      87000        0
     32500      87000        0
     32500      85000        0
     32500      90000       49
     34500      90000       -5
     34500      92000        0
     32500      92000        0
     32500      90000        0
     32500      95000       49
     34500      95000       -5
     34500      97000        0
     32500      97000        0
     32500      95000        0
     32500     100000       49
     34500     100000       -5
     34500     102000        0
     32500     102000        0
     32500     100000        0
     31500      84000       50
     35500      84000       -5
     35500     103000        0
     31500     103000        0
     31500      84000        0
     36500      77500       47
     38500      77500       -5
     38500      79500        0
     36500      79500        0
     36500      77500        0
     36500     103500       47
     38500     103500       -5
     38500     105500        0
     36500     105500        0
     36500     103500        0
     36500      79500       47
     38500      79500       -5
     38500     103500        0
     36500     103500        0
     36500      79500        0
     40500      85000       49
     42500      85000       -5
     42500      87000        0
     40500      87000        0
     40500      85000        0
     40500      90000       49
     42500      90000       -5
     42500      92000        0
     40500      92000        0
     40500      90000        0
     40500      95000       49
     42500      95000       -5
     42500      97000        0
     40500      97000        0
     40500      95000        0
     40500     100000       49
     42500     100000       -5
     42500     102000        0
     40500     102000        0
     40500     100000        0
     39500      84000       50
     43500      84000       -5
     43500     103000        0
     39500     103000        0
     39500      84000        0
     44500      77500       47
     46500      77500       -5
     46500      79500        0
     44500      79500        0
     44500      77500        0
     44500     103500       47
     46500     103500       -5
     46500     105500        0
     44500     105500        0
     44500     103500        0
     44500      79500       47
     46500      79500       -5
     46500     103500        0
     44500     103500        0
     44500      79500        0
     48500      85000       49
     50500      85000       -5
     50500      87000        0
     48500      87000        0
     48500      85000        0
     48500      90000       49
     50500      90000       -5
     50500      92000        0
     48500      92000        0
     48500      90000        0
     48500      95000       49
     50500      95000       -5
     50500      97000        0
     48500      97000        0
     48500      95000        0
     48500     100000       49
     50500     100000       -5
     50500     102000        0
     48500     102000        0
     48500     100000        0
     47500      84000       50
     51500      84000       -5
     51500     103000        0
     47500     103000        0
     47500      84000        0
     49500      79500       44
     49500      83500       -9
     52000      83500        0
     52000     103500        0
     31000     103500        0
     31000      83500        0
     33500      83500        0
     33500      79500        0
     49500      79500        0
     55500      73500       43
     55500      77500       -9
     58000      77500        0
     58000     109500        0
     25000     109500        0
     25000      77500        0
     27500      77500        0
     27500      73500        0
     55500      73500        0
     51500      77500       45
     51500      81500       -9
     54000      81500        0
     54000     105500        0
     29000     105500        0
     29000      81500        0
     31500      81500        0
     31500      77500        0
     51500      77500        0
     49500      79500       44
     49500      83500       -7
     52000      83500        0
     52000     103500        0
     46500     103500        0
     46500      79500        0
     49500      79500        0
     31000      16000       44
     36500      16000       -5
     36500      36000        0
     31000      36000        0
     31000      16000        0
     32500      17500       49
     34500      17500       -5
     34500      19500        0
     32500      19500        0
     32500      17500        0
     32500      22500       49
     34500      22500       -5
     34500      24500        0
     32500      24500        0
     32500      22500        0
     32500      27500       49
     34500      27500       -5
     34500      29500        0
     32500      29500        0
     32500      27500        0
     32500      32500       49
     34500      32500       -5
     34500      34500        0
     32500      34500        0
     32500      32500        0
     31500      16500       50
     35500      16500       -5
     35500      35500        0
     31500      35500        0
     31500      16500        0
     36500      14000       47
     38500      14000       -5
     38500      16000        0
     36500      16000        0
     36500      14000        0
     36500      36000       47
     38500      36000       -5
     38500      38000        0
     36500      38000        0
     36500      36000        0
     36500      16000       47
     38500      16000       -5
     38500      36000        0
     36500      36000        0
     36500      16000        0
     41500      14000       47
     43500      14000       -5
     43500      16000        0
     41500      16000        0
     41500      14000        0
     41500      36000       47
     43500      36000       -5
     43500      38000        0
     41500      38000        0
     41500      36000        0
     41500      16000       47
     43500      16000       -5
     43500      36000        0
     41500      36000        0
     41500      16000        0
     45500      17500       49
     47500      17500       -5
     47500      19500        0
     45500      19500        0
     45500      17500        0
     45500      22500       49
     47500      22500       -5
     47500      24500        0
     45500      24500        0
     45500      22500        0
     45500      27500       49
     47500      27500       -5
     47500      29500        0
     45500      29500        0
     45500      27500        0
     45500      32500       49
     47500      32500       -5
     47500      34500        0
     45500      34500        0
     45500      32500        0
     44500      16500       50
     48500      16500       -5
     48500      35500        0
     44500      35500        0
     44500      16500        0
     31000      16000       44
     49000      16000       -5
     49000      36000        0
     31000      36000        0
     31000      16000        0
     25000      10000       42
     55000      10000       -5
     55000      42000        0
     25000      42000        0
     25000      10000        0
     29000      14000       46
     51000      14000       -5
     51000      38000        0
     29000      38000        0
     29000      14000        0
     43500      16000       44
     49000      16000       -5
     49000      36000        0
     43500      36000        0
     43500      16000        0
     53000      50500       50
     57000      50500       -5
     57000      54500        0
     53000      54500        0
     53000      50500        0
     53000      50500       52
     57000      50500       -5
     57000      54500        0
     53000      54500        0
     53000      50500        0
     54000      51500       51
     56000      51500       -5
     56000      53500        0
     54000      53500        0
     54000      51500        0
     44000      52000       50
     48000      52000       -5
     48000      56000        0
     44000      56000        0
     44000      52000        0
     44000      52000       52
     48000      52000       -5
     48000      56000        0
     44000      56000        0
     44000      52000        0
     45000      53000       51
     47000      53000       -5
     47000      55000        0
     45000      55000        0
     45000      53000        0
     25000     110000      150
     58000     110000       -5
     58000     120000        0
     25000     120000        0
     25000     110000        0
     25000          0      150
     55000          0       -5
     55000      10000        0
     25000      10000        0
     25000          0        0
     32000     100000      150
     35000     100000       -5
     35000     116500        0
     32000     116500        0
     32000     100000        0
     42000      62000      150
     46000      62000       -5
     46000      66000        0
     42000      66000        0
     42000      62000        0
     39500     112000      150
     43500     112000       -5
     43500     116000        0
     39500     116000        0
     39500     112000        0
     48000      99000      150
     51000      99000       -5
     51000     116500        0
     48000     116500        0
     48000      99000        0
     34000      62000      150
     38000      62000       -5
     38000      66000        0
     34000      66000        0
     34000      62000        0
     39500       4000      150
     43500       4000       -5
     43500       8000        0
     39500       8000        0
     39500       4000        0
     32000      19500      150
     32000       3500       -5
     35000       3500        0
     35000      19500        0
     32000      19500        0
     45000      41000      150
     45000      31000       -5
     48000      31000        0
     48000      41000        0
     45000      41000        0
     34500      65500      150
     34500      49000       -5
     37500      49000        0
     37500      65500        0
     34500      65500        0
     37500      49000      150
     37500      52000       -5
     29000      52000        0
     29000      49000        0
     37500      49000        0
     42500      65500      150
     42500      52500       -5
     45500      52500        0
     45500      65500        0
     42500      65500        0
     40000      87000      150
     40000      72000       -5
     43000      72000        0
     43000      87000        0
     40000      87000        0
     43000      72000      150
     43000      75000       -5
     53500      75000        0
     53500      72000        0
     43000      72000        0
     53500      75000      150
     53500      40500       -5
     56500      40500        0
     56500      75000        0
     53500      75000        0
     56500      40500      150
     56500      43500       -5
     45000      43500        0
     45000      40500        0
     56500      40500        0
     45000      43500      150
     45000      36000       -5
     48000      36000        0
     48000      43500        0
     45000      43500        0
     25000          0      150
     58000          0       -5
     58000     120000        0
     25000     120000        0
     25000          0        0
     25000     110000       50
     58000     110000       -5
     58000     120000        0
     25000     120000        0
     25000     110000        0
     25000          0       50
     55000          0       -5
     55000      10000        0
     25000      10000        0
     25000          0        0
     53000      50500      163
     57000      50500       -5
     57000      54500        0
     53000      54500        0
     53000      50500        0
     28500      48000      163
     32500      48000       -5
     32500      52000        0
     28500      52000        0
     28500      48000        0
     44000      52000      163
     48000      52000       -5
     48000      56000        0
     44000      56000        0
     44000      52000        0
     28500      48000        4
     32500      48000       -5
     32500      52000        0
     28500      52000        0
     28500      48000        0
     53000      50500        4
     57000      50500       -5
     57000      54500        0
     53000      54500        0
     53000      50500        0
     44000      52000        4
     48000      52000       -5
     48000      56000        0
     44000      56000        0
     44000      52000        0
     25000     110000        3
     58000     110000       -5
     58000     120000        0
     25000     120000        0
     25000     110000        0
     25000          0        3
     55000          0       -5
     55000      10000        0
     25000      10000        0
     25000          0        0
     32000     100000       50
     35000     100000       -5
     35000     116500        0
     32000     116500        0
     32000     100000        0
     32000      19500       50
     32000       3500       -5
     35000       3500        0
     35000      19500        0
     32000      19500        0
     45000      41000       50
     45000      31000       -5
     48000      31000        0
     48000      41000        0
     45000      41000        0
     42000      62000       50
     46000      62000       -5
     46000      66000        0
     42000      66000        0
     42000      62000        0
     39500     112000       50
     43500     112000       -5
     43500     116000        0
     39500     116000        0
     39500     112000        0
     34500      65500       50
     34500      49000       -5
     37500      49000        0
     37500      65500        0
     34500      65500        0
     37500      49000       50
     37500      52000       -5
     29000      52000        0
     29000      49000        0
     37500      49000        0
     42500      65500       50
     42500      52500       -5
     45500      52500        0
     45500      65500        0
     42500      65500        0
     48000      99000       50
     51000      99000       -5
     51000     116500        0
     48000     116500        0
     48000      99000        0
     34000      62000       50
     38000      62000       -5
     38000      66000        0
     34000      66000        0
     34000      62000        0
     40000      87000       50
     40000      72000       -5
     43000      72000        0
     43000      87000        0
     40000      87000        0
     43000      72000       50
     43000      75000       -5
     53500      75000        0
     53500      72000        0
     43000      72000        0
     53500      75000       50
     53500      40500       -5
     56500      40500        0
     56500      75000        0
     53500      75000        0
     56500      40500       50
     56500      43500       -5
     45000      43500        0
     45000      40500        0
     56500      40500        0
     45000      43500       50
     45000      36000       -5
     48000      36000        0
     48000      43500        0
     45000      43500        0
     39500       4000       50
     43500       4000       -5
     43500       8000        0
     39500       8000        0
     39500       4000        0
     35500          0       42
     47500          0       -5
     47500      12000        0
     35500      12000        0
     35500          0        0
     38500     111000       44
     44500     111000       -5
     44500     117000        0
     38500     117000        0
     38500     111000        0
     38500       3000       44
     44500       3000       -5
     44500       9000        0
     38500       9000        0
     38500       3000        0
     40500     113000       49
     42500     113000       -5
     42500     115000        0
     40500     115000        0
     40500     113000        0
     40500       5000       49
     42500       5000       -5
     42500       7000        0
     40500       7000        0
     40500       5000        0
     36500       1000       45
     46500       1000       -5
     46500      11000        0
     36500      11000        0
     36500       1000        0
     36500      44000       47
     36500      78500       -5
     38500      78500        0
     38500      44000        0
     36500      44000        0
     41500      44000       47
     41500      72500       -5
     43500      72500        0
     43500      44000        0
     41500      44000        0
     43500      72500       47
     43500      74500       -5
     44500      74500        0
     44500      72500        0
     43500      72500        0
     44500      74500       47
     44500      78000       -5
     46500      78000        0
     46500      74500        0
     44500      74500        0
     36500      45000       47
     36500      36000       -5
     38500      36000        0
     38500      45000        0
     36500      45000        0
     41500      45000       47
     41500      36000       -5
     43500      36000        0
     43500      45000        0
     41500      45000        0
     41500      61500       47
     46500      61500       -5
     46500      66500        0
     41500      66500        0
     41500      61500        0
     33500      61500       47
     38500      61500       -5
     38500      66500        0
     33500      66500        0
     33500      61500        0
     43000      63000       48
     45000      63000       -5
     45000      65000        0
     43000      65000        0
     43000      63000        0
     35000      63000       48
     37000      63000       -5
     37000      65000        0
     35000      65000        0
     35000      63000        0
     35500     108000       43
     47500     108000       -5
     47500     120000        0
     35500     120000        0
     35500     108000        0
     36500     109000       46
     46500     109000       -5
     46500     119000        0
     36500     119000        0
     36500     109000        0
    144000     -18000       50
    148000     -18000       -5
    148000     -14000        0
    144000     -14000        0
    144000     -18000        0
    144000     -18000       52
    148000     -18000       -5
    148000     -14000        0
    144000     -14000        0
    144000     -18000        0
    145000     -17000       51
    147000     -17000       -5
    147000     -15000        0
    145000     -15000        0
    145000     -17000        0
     86500      48000       50
     90500      48000       -5
     90500      52000        0
     86500      52000        0
     86500      48000        0
     86500      48000       52
     90500      48000       -5
     90500      52000        0
     86500      52000        0
     86500      48000        0
     87500      49000       51
     89500      49000       -5
     89500      51000        0
     87500      51000        0
     87500      49000        0
     94500      79500       44
     94500     103500       -7
     89000     103500        0
     89000      83500        0
     91500      83500        0
     91500      79500        0
     94500      79500        0
     90500      85000       49
     92500      85000       -5
     92500      87000        0
     90500      87000        0
     90500      85000        0
     90500      90000       49
     92500      90000       -5
     92500      92000        0
     90500      92000        0
     90500      90000        0
     90500      95000       49
     92500      95000       -5
     92500      97000        0
     90500      97000        0
     90500      95000        0
     90500     100000       49
     92500     100000       -5
     92500     102000        0
     90500     102000        0
     90500     100000        0
     89500      84000       50
     93500      84000       -5
     93500     103000        0
     89500     103000        0
     89500      84000        0
     94500      77500       47
     96500      77500       -5
     96500      79500        0
     94500      79500        0
     94500      77500        0
     94500     103500       47
     96500     103500       -5
     96500     105500        0
     94500     105500        0
     94500     103500        0
     94500      79500       47
     96500      79500       -5
     96500     103500        0
     94500     103500        0
     94500      79500        0
     98500      85000       49
    100500      85000       -5
    100500      87000        0
     98500      87000        0
     98500      85000        0
     98500      90000       49
    100500      90000       -5
    100500      92000        0
     98500      92000        0
     98500      90000        0
     98500      95000       49
    100500      95000       -5
    100500      97000        0
     98500      97000        0
     98500      95000        0
     98500     100000       49
    100500     100000       -5
    100500     102000        0
     98500     102000        0
     98500     100000        0
     97500      84000       50
    101500      84000       -5
    101500     103000        0
     97500     103000        0
     97500      84000        0
    102500      77500       47
    104500      77500       -5
    104500      79500        0
    102500      79500        0
    102500      77500        0
    102500     103500       47
    104500     103500       -5
    104500     105500        0
    102500     105500        0
    102500     103500        0
    102500      79500       47
    104500      79500       -5
    104500     103500        0
    102500     103500        0
    102500      79500        0
    106500      85000       49
    108500      85000       -5
    108500      87000        0
    106500      87000        0
    106500      85000        0
    106500      90000       49
    108500      90000       -5
    108500      92000        0
    106500      92000        0
    106500      90000        0
    106500      95000       49
    108500      95000       -5
    108500      97000        0
    106500      97000        0
    106500      95000        0
    106500     100000       49
    108500     100000       -5
    108500     102000        0
    106500     102000        0
    106500     100000        0
    105500      84000       50
    109500      84000       -5
    109500     103000        0
    105500     103000        0
    105500      84000        0
    107500      79500       44
    107500      83500       -9
    110000      83500        0
    110000     103500        0
     89000     103500        0
     89000      83500        0
     91500      83500        0
     91500      79500        0
    107500      79500        0
    113500      73500       43
    113500      77500       -9
    116000      77500        0
    116000     109500        0
     83000     109500        0
     83000      77500        0
     85500      77500        0
     85500      73500        0
    113500      73500        0
    109500      77500       45
    109500      81500       -9
    112000      81500        0
    112000     105500        0
     87000     105500        0
     87000      81500        0
     89500      81500        0
     89500      77500        0
    109500      77500        0
    107500      79500       44
    107500      83500       -7
    110000      83500        0
    110000     103500        0
    104500     103500        0
    104500      79500        0
    107500      79500        0
     89000      16000       44
     94500      16000       -5
     94500      36000        0
     89000      36000        0
     89000      16000        0
     90500      17500       49
     92500      17500       -5
     92500      19500        0
     90500      19500        0
     90500      17500        0
     90500      22500       49
     92500      22500       -5
     92500      24500        0
     90500      24500        0
     90500      22500        0
     90500      27500       49
     92500      27500       -5
     92500      29500        0
     90500      29500        0
     90500      27500        0
     90500      32500       49
     92500      32500       -5
     92500      34500        0
     90500      34500        0
     90500      32500        0
     89500      16500       50
     93500      16500       -5
     93500      35500        0
     89500      35500        0
     89500      16500        0
     94500      14000       47
     96500      14000       -5
     96500      16000        0
     94500      16000        0
     94500      14000        0
     94500      36000       47
     96500      36000       -5
     96500      38000        0
     94500      38000        0
     94500      36000        0
     94500      16000       47
     96500      16000       -5
     96500      36000        0
     94500      36000        0
     94500      16000        0
     99500      14000       47
    101500      14000       -5
    101500      16000        0
     99500      16000        0
     99500      14000        0
     99500      36000       47
    101500      36000       -5
    101500      38000        0
     99500      38000        0
     99500      36000        0
     99500      16000       47
    101500      16000       -5
    101500      36000        0
     99500      36000        0
     99500      16000        0
    103500      17500       49
    105500      17500       -5
    105500      19500        0
    103500      19500        0
    103500      17500        0
    103500      22500       49
    105500      22500       -5
    105500      24500        0
    103500      24500        0
    103500      22500        0
    103500      27500       49
    105500      27500       -5
    105500      29500        0
    103500      29500        0
    103500      27500        0
    103500      32500       49
    105500      32500       -5
    105500      34500        0
    103500      34500        0
    103500      32500        0
    102500      16500       50
    106500      16500       -5
    106500      35500        0
    102500      35500        0
    102500      16500        0
     89000      16000       44
    107000      16000       -5
    107000      36000        0
     89000      36000        0
     89000      16000        0
     83000      10000       42
    113000      10000       -5
    113000      42000        0
     83000      42000        0
     83000      10000        0
     87000      14000       46
    109000      14000       -5
    109000      38000        0
     87000      38000        0
     87000      14000        0
    101500      16000       44
    107000      16000       -5
    107000      36000        0
    101500      36000        0
    101500      16000        0
    111000      50500       50
    115000      50500       -5
    115000      54500        0
    111000      54500        0
    111000      50500        0
    111000      50500       52
    115000      50500       -5
    115000      54500        0
    111000      54500        0
    111000      50500        0
    112000      51500       51
    114000      51500       -5
    114000      53500        0
    112000      53500        0
    112000      51500        0
    102000      52000       50
    106000      52000       -5
    106000      56000        0
    102000      56000        0
    102000      52000        0
    102000      52000       52
    106000      52000       -5
    106000      56000        0
    102000      56000        0
    102000      52000        0
    103000      53000       51
    105000      53000       -5
    105000      55000        0
    103000      55000        0
    103000      53000        0
     83000     110000      150
    116000     110000       -5
    116000     120000        0
     83000     120000        0
     83000     110000        0
     83000          0      150
    113000          0       -5
    113000      10000        0
     83000      10000        0
     83000          0        0
     90000     100000      150
     93000     100000       -5
     93000     116500        0
     90000     116500        0
     90000     100000        0
    100000      62000      150
    104000      62000       -5
    104000      66000        0
    100000      66000        0
    100000      62000        0
     97500     112000      150
    101500     112000       -5
    101500     116000        0
     97500     116000        0
     97500     112000        0
    106000      99000      150
    109000      99000       -5
    109000     116500        0
    106000     116500        0
    106000      99000        0
     92000      62000      150
     96000      62000       -5
     96000      66000        0
     92000      66000        0
     92000      62000        0
     97500       4000      150
    101500       4000       -5
    101500       8000        0
     97500       8000        0
     97500       4000        0
     90000      19500      150
     90000       3500       -5
     93000       3500        0
     93000      19500        0
     90000      19500        0
    103000      41000      150
    103000      31000       -5
    106000      31000        0
    106000      41000        0
    103000      41000        0
     92500      65500      150
     92500      49000       -5
     95500      49000        0
     95500      65500        0
     92500      65500        0
     95500      49000      150
     95500      52000       -5
     87000      52000        0
     87000      49000        0
     95500      49000        0
    100500      65500      150
    100500      52500       -5
    103500      52500        0
    103500      65500        0
    100500      65500        0
     98000      87000      150
     98000      72000       -5
    101000      72000        0
    101000      87000        0
     98000      87000        0
    101000      72000      150
    101000      75000       -5
    111500      75000        0
    111500      72000        0
    101000      72000        0
    111500      75000      150
    111500      40500       -5
    114500      40500        0
    114500      75000        0
    111500      75000        0
    114500      40500      150
    114500      43500       -5
    103000      43500        0
    103000      40500        0
    114500      40500        0
    103000      43500      150
    103000      36000       -5
    106000      36000        0
    106000      43500        0
    103000      43500        0
     83000          0      150
    116000          0       -5
    116000     120000        0
     83000     120000        0
     83000          0        0
     83000     110000       50
    116000     110000       -5
    116000     120000        0
     83000     120000        0
     83000     110000        0
     83000          0       50
    113000          0       -5
    113000      10000        0
     83000      10000        0
     83000          0        0
    111000      50500      163
    115000      50500       -5
    115000      54500        0
    111000      54500        0
    111000      50500        0
     86500      48000      163
     90500      48000       -5
     90500      52000        0
     86500      52000        0
     86500      48000        0
    102000      52000      163
    106000      52000       -5
    106000      56000        0
    102000      56000        0
    102000      52000        0
     86500      48000        4
     90500      48000       -5
     90500      52000        0
     86500      52000        0
     86500      48000        0
    111000      50500        4
    115000      50500       -5
    115000      54500        0
    111000      54500        0
    111000      50500        0
    102000      52000        4
    106000      52000       -5
    106000      56000        0
    102000      56000        0
    102000      52000        0
     83000     110000        3
    116000     110000       -5
    116000     120000        0
     83000     120000        0
     83000     110000        0
     83000          0        3
    113000          0       -5
    113000      10000        0
     83000      10000        0
     83000          0        0
     90000     100000       50
     93000     100000       -5
     93000     116500        0
     90000     116500        0
     90000     100000        0
     90000      19500       50
     90000       3500       -5
     93000       3500        0
     93000      19500        0
     90000      19500        0
    103000      41000       50
    103000      31000       -5
    106000      31000        0
    106000      41000        0
    103000      41000        0
    100000      62000       50
    104000      62000       -5
    104000      66000        0
    100000      66000        0
    100000      62000        0
     97500     112000       50
    101500     112000       -5
    101500     116000        0
     97500     116000        0
     97500     112000        0
     92500      65500       50
     92500      49000       -5
     95500      49000        0
     95500      65500        0
     92500      65500        0
     95500      49000       50
     95500      52000       -5
     87000      52000        0
     87000      49000        0
     95500      49000        0
    100500      65500       50
    100500      52500       -5
    103500      52500        0
    103500      65500        0
    100500      65500        0
    106000      99000       50
    109000      99000       -5
    109000     116500        0
    106000     116500        0
    106000      99000        0
     92000      62000       50
     96000      62000       -5
     96000      66000        0
     92000      66000        0
     92000      62000        0
     98000      87000       50
     98000      72000       -5
    101000      72000        0
    101000      87000        0
     98000      87000        0
    101000      72000       50
    101000      75000       -5
    111500      75000        0
    111500      72000        0
    101000      72000        0
    111500      75000       50
    111500      40500       -5
    114500      40500        0
    114500      75000        0
    111500      75000        0
    114500      40500       50
    114500      43500       -5
    103000      43500        0
    103000      40500        0
    114500      40500        0
    103000      43500       50
    103000      36000       -5
    106000      36000        0
    106000      43500        0
    103000      43500        0
     97500       4000       50
    101500       4000       -5
    101500       8000        0
     97500       8000        0
     97500       4000        0
     93500          0       42
    105500          0       -5
    105500      12000        0
     93500      12000        0
     93500          0        0
     96500     111000       44
    102500     111000       -5
    102500     117000        0
     96500     117000        0
     96500     111000        0
     96500       3000       44
    102500       3000       -5
    102500       9000        0
     96500       9000        0
     96500       3000        0
     98500     113000       49
    100500     113000       -5
    100500     115000        0
     98500     115000        0
     98500     113000        0
     98500       5000       49
    100500       5000       -5
    100500       7000        0
     98500       7000        0
     98500       5000        0
     94500       1000       45
    104500       1000       -5
    104500      11000        0
     94500      11000        0
     94500       1000        0
     94500      44000       47
     94500      78500       -5
     96500      78500        0
     96500      44000        0
     94500      44000        0
     99500      44000       47
     99500      72500       -5
    101500      72500        0
    101500      44000        0
     99500      44000        0
    101500      72500       47
    101500      74500       -5
    102500      74500        0
    102500      72500        0
    101500      72500        0
    102500      74500       47
    102500      78000       -5
    104500      78000        0
    104500      74500        0
    102500      74500        0
     94500      45000       47
     94500      36000       -5
     96500      36000        0
     96500      45000        0
     94500      45000        0
     99500      45000       47
     99500      36000       -5
    101500      36000        0
    101500      45000        0
     99500      45000        0
     99500      61500       47
    104500      61500       -5
    104500      66500        0
     99500      66500        0
     99500      61500        0
     91500      61500       47
     96500      61500       -5
     96500      66500        0
     91500      66500        0
     91500      61500        0
    101000      63000       48
    103000      63000       -5
    103000      65000        0
    101000      65000        0
    101000      63000        0
     93000      63000       48
     95000      63000       -5
     95000      65000        0
     93000      65000        0
     93000      63000        0
     93500     108000       43
    105500     108000       -5
    105500     120000        0
     93500     120000        0
     93500     108000        0
     94500     109000       46
    104500     109000       -5
    104500     119000        0
     94500     119000        0
     94500     109000        0
    119500      48000       50
    123500      48000       -5
    123500      52000        0
    119500      52000        0
    119500      48000        0
    119500      48000       52
    123500      48000       -5
    123500      52000        0
    119500      52000        0
    119500      48000        0
    120500      49000       51
    122500      49000       -5
    122500      51000        0
    120500      51000        0
    120500      49000        0
    127500      79500       44
    127500     103500       -7
    122000     103500        0
    122000      83500        0
    124500      83500        0
    124500      79500        0
    127500      79500        0
    123500      85000       49
    125500      85000       -5
    125500      87000        0
    123500      87000        0
    123500      85000        0
    123500      90000       49
    125500      90000       -5
    125500      92000        0
    123500      92000        0
    123500      90000        0
    123500      95000       49
    125500      95000       -5
    125500      97000        0
    123500      97000        0
    123500      95000        0
    123500     100000       49
    125500     100000       -5
    125500     102000        0
    123500     102000        0
    123500     100000        0
    122500      84000       50
    126500      84000       -5
    126500     103000        0
    122500     103000        0
    122500      84000        0
    127500      77500       47
    129500      77500       -5
    129500      79500        0
    127500      79500        0
    127500      77500        0
    127500     103500       47
    129500     103500       -5
    129500     105500        0
    127500     105500        0
    127500     103500        0
    127500      79500       47
    129500      79500       -5
    129500     103500        0
    127500     103500        0
    127500      79500        0
    131500      85000       49
    133500      85000       -5
    133500      87000        0
    131500      87000        0
    131500      85000        0
    131500      90000       49
    133500      90000       -5
    133500      92000        0
    131500      92000        0
    131500      90000        0
    131500      95000       49
    133500      95000       -5
    133500      97000        0
    131500      97000        0
    131500      95000        0
    131500     100000       49
    133500     100000       -5
    133500     102000        0
    131500     102000        0
    131500     100000        0
    130500      84000       50
    134500      84000       -5
    134500     103000        0
    130500     103000        0
    130500      84000        0
    135500      77500       47
    137500      77500       -5
    137500      79500        0
    135500      79500        0
    135500      77500        0
    135500     103500       47
    137500     103500       -5
    137500     105500        0
    135500     105500        0
    135500     103500        0
    135500      79500       47
    137500      79500       -5
    137500     103500        0
    135500     103500        0
    135500      79500        0
    139500      85000       49
    141500      85000       -5
    141500      87000        0
    139500      87000        0
    139500      85000        0
    139500      90000       49
    141500      90000       -5
    141500      92000        0
    139500      92000        0
    139500      90000        0
    139500      95000       49
    141500      95000       -5
    141500      97000        0
    139500      97000        0
    139500      95000        0
    139500     100000       49
    141500     100000       -5
    141500     102000        0
    139500     102000        0
    139500     100000        0
    138500      84000       50
    142500      84000       -5
    142500     103000        0
    138500     103000        0
    138500      84000        0
    140500      79500       44
    140500      83500       -9
    143000      83500        0
    143000     103500        0
    122000     103500        0
    122000      83500        0
    124500      83500        0
    124500      79500        0
    140500      79500        0
    146500      73500       43
    146500      77500       -9
    149000      77500        0
    149000     109500        0
    116000     109500        0
    116000      77500        0
    118500      77500        0
    118500      73500        0
    146500      73500        0
    142500      77500       45
    142500      81500       -9
    145000      81500        0
    145000     105500        0
    120000     105500        0
    120000      81500        0
    122500      81500        0
    122500      77500        0
    142500      77500        0
    140500      79500       44
    140500      83500       -7
    143000      83500        0
    143000     103500        0
    137500     103500        0
    137500      79500        0
    140500      79500        0
    122000      16000       44
    127500      16000       -5
    127500      36000        0
    122000      36000        0
    122000      16000        0
    123500      17500       49
    125500      17500       -5
    125500      19500        0
    123500      19500        0
    123500      17500        0
    123500      22500       49
    125500      22500       -5
    125500      24500        0
    123500      24500        0
    123500      22500        0
    123500      27500       49
    125500      27500       -5
    125500      29500        0
    123500      29500        0
    123500      27500        0
    123500      32500       49
    125500      32500       -5
    125500      34500        0
    123500      34500        0
    123500      32500        0
    122500      16500       50
    126500      16500       -5
    126500      35500        0
    122500      35500        0
    122500      16500        0
    127500      14000       47
    129500      14000       -5
    129500      16000        0
    127500      16000        0
    127500      14000        0
    127500      36000       47
    129500      36000       -5
    129500      38000        0
    127500      38000        0
    127500      36000        0
    127500      16000       47
    129500      16000       -5
    129500      36000        0
    127500      36000        0
    127500      16000        0
    132500      14000       47
    134500      14000       -5
    134500      16000        0
    132500      16000        0
    132500      14000        0
    132500      36000       47
    134500      36000       -5
    134500      38000        0
    132500      38000        0
    132500      36000        0
    132500      16000       47
    134500      16000       -5
    134500      36000        0
    132500      36000        0
    132500      16000        0
    136500      17500       49
    138500      17500       -5
    138500      19500        0
    136500      19500        0
    136500      17500        0
    136500      22500       49
    138500      22500       -5
    138500      24500        0
    136500      24500        0
    136500      22500        0
    136500      27500       49
    138500      27500       -5
    138500      29500        0
    136500      29500        0
    136500      27500        0
    136500      32500       49
    138500      32500       -5
    138500      34500        0
    136500      34500        0
    136500      32500        0
    135500      16500       50
    139500      16500       -5
    139500      35500        0
    135500      35500        0
    135500      16500        0
    122000      16000       44
    140000      16000       -5
    140000      36000        0
    122000      36000        0
    122000      16000        0
    116000      10000       42
    146000      10000       -5
    146000      42000        0
    116000      42000        0
    116000      10000        0
    120000      14000       46
    142000      14000       -5
    142000      38000        0
    120000      38000        0
    120000      14000        0
    134500      16000       44
    140000      16000       -5
    140000      36000        0
    134500      36000        0
    134500      16000        0
    144000      50500       50
    148000      50500       -5
    148000      54500        0
    144000      54500        0
    144000      50500        0
    144000      50500       52
    148000      50500       -5
    148000      54500        0
    144000      54500        0
    144000      50500        0
    145000      51500       51
    147000      51500       -5
    147000      53500        0
    145000      53500        0
    145000      51500        0
    135000      52000       50
    139000      52000       -5
    139000      56000        0
    135000      56000        0
    135000      52000        0
    135000      52000       52
    139000      52000       -5
    139000      56000        0
    135000      56000        0
    135000      52000        0
    136000      53000       51
    138000      53000       -5
    138000      55000        0
    136000      55000        0
    136000      53000        0
    116000     110000      150
    149000     110000       -5
    149000     120000        0
    116000     120000        0
    116000     110000        0
    116000          0      150
    146000          0       -5
    146000      10000        0
    116000      10000        0
    116000          0        0
    123000     100000      150
    126000     100000       -5
    126000     116500        0
    123000     116500        0
    123000     100000        0
    133000      62000      150
    137000      62000       -5
    137000      66000        0
    133000      66000        0
    133000      62000        0
    130500     112000      150
    134500     112000       -5
    134500     116000        0
    130500     116000        0
    130500     112000        0
    139000      99000      150
    142000      99000       -5
    142000     116500        0
    139000     116500        0
    139000      99000        0
    125000      62000      150
    129000      62000       -5
    129000      66000        0
    125000      66000        0
    125000      62000        0
    130500       4000      150
    134500       4000       -5
    134500       8000        0
    130500       8000        0
    130500       4000        0
    123000      19500      150
    123000       3500       -5
    126000       3500        0
    126000      19500        0
    123000      19500        0
    136000      41000      150
    136000      31000       -5
    139000      31000        0
    139000      41000        0
    136000      41000        0
    125500      65500      150
    125500      49000       -5
    128500      49000        0
    128500      65500        0
    125500      65500        0
    128500      49000      150
    128500      52000       -5
    120000      52000        0
    120000      49000        0
    128500      49000        0
    133500      65500      150
    133500      52500       -5
    136500      52500        0
    136500      65500        0
    133500      65500        0
    131000      87000      150
    131000      72000       -5
    134000      72000        0
    134000      87000        0
    131000      87000        0
    134000      72000      150
    134000      75000       -5
    144500      75000        0
    144500      72000        0
    134000      72000        0
    144500      75000      150
    144500      40500       -5
    147500      40500        0
    147500      75000        0
    144500      75000        0
    147500      40500      150
    147500      43500       -5
    136000      43500        0
    136000      40500        0
    147500      40500        0
    136000      43500      150
    136000      36000       -5
    139000      36000        0
    139000      43500        0
    136000      43500        0
    116000          0      150
    149000          0       -5
    149000     120000        0
    116000     120000        0
    116000          0        0
    116000     110000       50
    149000     110000       -5
    149000     120000        0
    116000     120000        0
    116000     110000        0
    116000          0       50
    146000          0       -5
    146000      10000        0
    116000      10000        0
    116000          0        0
    144000      50500      163
    148000      50500       -5
    148000      54500        0
    144000      54500        0
    144000      50500        0
    119500      48000      163
    123500      48000       -5
    123500      52000        0
    119500      52000        0
    119500      48000        0
    135000      52000      163
    139000      52000       -5
    139000      56000        0
    135000      56000        0
    135000      52000        0
    119500      48000        4
    123500      48000       -5
    123500      52000        0
    119500      52000        0
    119500      48000        0
    144000      50500        4
    148000      50500       -5
    148000      54500        0
    144000      54500        0
    144000      50500        0
    135000      52000        4
    139000      52000       -5
    139000      56000        0
    135000      56000        0
    135000      52000        0
    116000     110000        3
    149000     110000       -5
    149000     120000        0
    116000     120000        0
    116000     110000        0
    116000          0        3
    146000          0       -5
    146000      10000        0
    116000      10000        0
    116000          0        0
    123000     100000       50
    126000     100000       -5
    126000     116500        0
    123000     116500        0
    123000     100000        0
    123000      19500       50
    123000       3500       -5
    126000       3500        0
    126000      19500        0
    123000      19500        0
    136000      41000       50
    136000      31000       -5
    139000      31000        0
    139000      41000        0
    136000      41000        0
    133000      62000       50
    137000      62000       -5
    137000      66000        0
    133000      66000        0
    133000      62000        0
    130500     112000       50
    134500     112000       -5
    134500     116000        0
    130500     116000        0
    130500     112000        0
    125500      65500       50
    125500      49000       -5
    128500      49000        0
    128500      65500        0
    125500      65500        0
    128500      49000       50
    128500      52000       -5
    120000      52000        0
    120000      49000        0
    128500      49000        0
    133500      65500       50
    133500      52500       -5
    136500      52500        0
    136500      65500        0
    133500      65500        0
    139000      99000       50
    142000      99000       -5
    142000     116500        0
    139000     116500        0
    139000      99000        0
    125000      62000       50
    129000      62000       -5
    129000      66000        0
    125000      66000        0
    125000      62000        0
    131000      87000       50
    131000      72000       -5
    134000      72000        0
    134000      87000        0
    131000      87000        0
    134000      72000       50
    134000      75000       -5
    144500      75000        0
    144500      72000        0
    134000      72000        0
    144500      75000       50
    144500      40500       -5
    147500      40500        0
    147500      75000        0
    144500      75000        0
    147500      40500       50
    147500      43500       -5
    136000      43500        0
    136000      40500        0
    147500      40500        0
    136000      43500       50
    136000      36000       -5
    139000      36000        0
    139000      43500        0
    136000      43500        0
    130500       4000       50
    134500       4000       -5
    134500       8000        0
    130500       8000        0
    130500       4000        0
    126500          0       42
    138500          0       -5
    138500      12000        0
    126500      12000        0
    126500          0        0
    129500     111000       44
    135500     111000       -5
    135500     117000        0
    129500     117000        0
    129500     111000        0
    129500       3000       44
    135500       3000       -5
    135500       9000        0
    129500       9000        0
    129500       3000        0
    131500     113000       49
    133500     113000       -5
    133500     115000        0
    131500     115000        0
    131500     113000        0
    131500       5000       49
    133500       5000       -5
    133500       7000        0
    131500       7000        0
    131500       5000        0
    127500       1000       45
    137500       1000       -5
    137500      11000        0
    127500      11000        0
    127500       1000        0
    127500      44000       47
    127500      78500       -5
    129500      78500        0
    129500      44000        0
    127500      44000        0
    132500      44000       47
    132500      72500       -5
    134500      72500        0
    134500      44000        0
    132500      44000        0
    134500      72500       47
    134500      74500       -5
    135500      74500        0
    135500      72500        0
    134500      72500        0
    135500      74500       47
    135500      78000       -5
    137500      78000        0
    137500      74500        0
    135500      74500        0
    127500      45000       47
    127500      36000       -5
    129500      36000        0
    129500      45000        0
    127500      45000        0
    132500      45000       47
    132500      36000       -5
    134500      36000        0
    134500      45000        0
    132500      45000        0
    132500      61500       47
    137500      61500       -5
    137500      66500        0
    132500      66500        0
    132500      61500        0
    124500      61500       47
    129500      61500       -5
    129500      66500        0
    124500      66500        0
    124500      61500        0
    134000      63000       48
    136000      63000       -5
    136000      65000        0
    134000      65000        0
    134000      63000        0
    126000      63000       48
    128000      63000       -5
    128000      65000        0
    126000      65000        0
    126000      63000        0
    126500     108000       43
    138500     108000       -5
    138500     120000        0
    126500     120000        0
    126500     108000        0
    127500     109000       46
    137500     109000       -5
    137500     119000        0
    127500     119000        0
    127500     109000        0
      6000      16500       44
     11500      16500       -5
     11500      26500        0
      6000      26500        0
      6000      16500        0
      4000      14500       46
     21000      14500       -5
     21000      28500        0
      4000      28500        0
      4000      14500        0
         0      10500       42
     25000      10500       -5
     25000      32500        0
         0      32500        0
         0      10500        0
      6000      16500       44
     19000      16500       -5
     19000      26500        0
      6000      26500        0
      6000      16500        0
     14500      17000       50
     18500      17000       -5
     18500      26000        0
     14500      26000        0
     14500      17000        0
     15500      23000       49
     17500      23000       -5
     17500      25000        0
     15500      25000        0
     15500      23000        0
     15500      18000       49
     17500      18000       -5
     17500      20000        0
     15500      20000        0
     15500      18000        0
     11500      16500       47
     13500      16500       -5
     13500      26500        0
     11500      26500        0
     11500      16500        0
     11500      26500       47
     13500      26500       -5
     13500      28500        0
     11500      28500        0
     11500      26500        0
     11500      14500       47
     13500      14500       -5
     13500      16500        0
     11500      16500        0
     11500      14500        0
     13500      16500       44
     19000      16500       -5
     19000      26500        0
     13500      26500        0
     13500      16500        0
      7500      23000       49
      9500      23000       -5
      9500      25000        0
      7500      25000        0
      7500      23000        0
      7500      18000       49
      9500      18000       -5
      9500      20000        0
      7500      20000        0
      7500      18000        0
      6500      17000       50
     10500      17000       -5
     10500      26000        0
      6500      26000        0
      6500      17000        0
     21000      68500       50
     25000      68500       -5
     25000      72500        0
     21000      72500        0
     21000      68500        0
     21000      68500       52
     25000      68500       -5
     25000      72500        0
     21000      72500        0
     21000      68500        0
     22000      69500       51
     24000      69500       -5
     24000      71500        0
     22000      71500        0
     22000      69500        0
     11500      91500       44
     11500     103500       -7
      6000     103500        0
      6000      93500        0
      8500      93500        0
      8500      91500        0
     11500      91500        0
      7500      95000       49
      9500      95000       -5
      9500      97000        0
      7500      97000        0
      7500      95000        0
      7500     100000       49
      9500     100000       -5
      9500     102000        0
      7500     102000        0
      7500     100000        0
     16500      91500       44
     16500      93500       -7
     19000      93500        0
     19000     103500        0
     13500     103500        0
     13500      91500        0
     16500      91500        0
     11500      89500       47
     13500      89500       -5
     13500      91500        0
     11500      91500        0
     11500      89500        0
     11500     103500       47
     13500     103500       -5
     13500     105500        0
     11500     105500        0
     11500     103500        0
     11500      91500       47
     13500      91500       -5
     13500     103500        0
     11500     103500        0
     11500      91500        0
     15500      95000       49
     17500      95000       -5
     17500      97000        0
     15500      97000        0
     15500      95000        0
     15500     100000       49
     17500     100000       -5
     17500     102000        0
     15500     102000        0
     15500     100000        0
     14500      94000       50
     18500      94000       -5
     18500     103000        0
     14500     103000        0
     14500      94000        0
     16500      91500       44
     16500      93500       -9
     19000      93500        0
     19000     103500        0
      6000     103500        0
      6000      93500        0
      8500      93500        0
      8500      91500        0
     16500      91500        0
      6500      94000       50
     10500      94000       -5
     10500     103000        0
      6500     103000        0
      6500      94000        0
     18500      89500       45
     18500      91500       -9
     21000      91500        0
     21000     105500        0
      4000     105500        0
      4000      91500        0
      6500      91500        0
      6500      89500        0
     18500      89500        0
     22500      85500       43
     22500      87500       -9
     25000      87500        0
     25000     109500        0
         0     109500        0
         0      87500        0
      2500      87500        0
      2500      85500        0
     22500      85500        0
      3500      54500       50
      7500      54500       -5
      7500      58500        0
      3500      58500        0
      3500      54500        0
      3500      54500       52
      7500      54500       -5
      7500      58500        0
      3500      58500        0
      3500      54500        0
      4500      55500       51
      6500      55500       -5
      6500      57500        0
      4500      57500        0
      4500      55500        0
         0     110000      150
     25000     110000       -5
     25000     120000        0
         0     120000        0
         0     110000        0
         0          0      150
     25000          0       -5
     25000      10000        0
         0      10000        0
         0          0        0
     10500       4500      150
     14500       4500       -5
     14500       8500        0
     10500       8500        0
     10500       4500        0
     10500     111500      150
     14500     111500       -5
     14500     115500        0
     10500     115500        0
     10500     111500        0
      3500      74500      150
      7500      74500       -5
      7500      78500        0
      3500      78500        0
      3500      74500        0
      7500       5500      150
     10500       5500       -5
     10500      20000        0
      7500      20000        0
      7500       5500        0
      7000      99500      150
     10000      99500       -5
     10000     114000        0
      7000     114000        0
      7000      99500        0
     18000      69000      150
     18000      72000       -5
     21500      72000        0
     21500      69000        0
     18000      69000        0
     15000      44500      150
     15000      22000       -5
     18000      22000        0
     18000      44500        0
     15000      44500        0
     15000     102000      150
     15000      41500       -5
     18000      41500        0
     18000     102000        0
     15000     102000        0
      4000      58000      150
      4000      75000       -5
      7000      75000        0
      7000      58000        0
      4000      58000        0
         0          0      150
     25000          0       -5
     25000     120000        0
         0     120000        0
         0          0        0
         0     110000       50
     25000     110000       -5
     25000     120000        0
         0     120000        0
         0     110000        0
         0          0       50
     25000          0       -5
     25000      10000        0
         0      10000        0
         0          0        0
     21000      68500      163
     25000      68500       -5
     25000      72500        0
     21000      72500        0
     21000      68500        0
      3500      54500      163
      7500      54500       -5
      7500      58500        0
      3500      58500        0
      3500      54500        0
     21000      68500        4
     25000      68500       -5
     25000      72500        0
     21000      72500        0
     21000      68500        0
      3500      54500        4
      7500      54500       -5
      7500      58500        0
      3500      58500        0
      3500      54500        0
         0          0        3
     25000          0       -5
     25000      10000        0
         0      10000        0
         0          0        0
         0     110000        3
     25000     110000       -5
     25000     120000        0
         0     120000        0
         0     110000        0
     11500     112500       49
     13500     112500       -5
     13500     114500        0
     11500     114500        0
     11500     112500        0
     11500       5500       49
     13500       5500       -5
     13500       7500        0
     11500       7500        0
     11500       5500        0
      9500     110500       44
     15500     110500       -5
     15500     116500        0
      9500     116500        0
      9500     110500        0
      9500       3500       44
     15500       3500       -5
     15500       9500        0
      9500       9500        0
      9500       3500        0
      6500        500       42
     18500        500       -5
     18500      12500        0
      6500      12500        0
      6500        500        0
      7500       1500       45
     17500       1500       -5
     17500      11500        0
      7500      11500        0
      7500       1500        0
      3000      74000       47
      8000      74000       -5
      8000      79000        0
      3000      79000        0
      3000      74000        0
     11500      93500       47
     11500      83000       -5
     13500      83000        0
     13500      93500        0
     11500      93500        0
     13500      83000       47
     13500      85000       -5
      6000      85000        0
      6000      83000        0
     13500      83000        0
      6000      85000       47
      6000      56000       -5
      8000      56000        0
      8000      85000        0
      6000      85000        0
      8000      56000       47
      8000      58000       -5
     11500      58000        0
     11500      56000        0
      8000      56000        0
     11500      58000       47
     11500      48000       -5
     13500      48000        0
     13500      58000        0
     11500      58000        0
     11500      50500       47
     11500      26500       -5
     13500      26500        0
     13500      50500        0
     11500      50500        0
      4500      75500       48
      6500      75500       -5
      6500      77500        0
      4500      77500        0
      4500      75500        0
      7500     108500       46
     17500     108500       -5
     17500     118500        0
      7500     118500        0
      7500     108500        0
      6500     107500       43
     18500     107500       -5
     18500     119500        0
      6500     119500        0
      6500     107500        0
     10500       4500       50
     14500       4500       -5
     14500       8500        0
     10500       8500        0
     10500       4500        0
     10500     111500       50
     14500     111500       -5
     14500     115500        0
     10500     115500        0
     10500     111500        0
      3500      74500       50
      7500      74500       -5
      7500      78500        0
      3500      78500        0
      3500      74500        0
      7500       5500       50
     10500       5500       -5
     10500      20000        0
      7500      20000        0
      7500       5500        0
     18000      69000       50
     18000      72000       -5
     21500      72000        0
     21500      69000        0
     18000      69000        0
     15000      44500       50
     15000      22000       -5
     18000      22000        0
     18000      44500        0
     15000      44500        0
      7000      99500       50
     10000      99500       -5
     10000     114000        0
      7000     114000        0
      7000      99500        0
     15000     102000       50
     15000      41500       -5
     18000      41500        0
     18000     102000        0
     15000     102000        0
      4000      58000       50
      4000      75000       -5
      7000      75000        0
      7000      58000        0
      4000      58000        0
     64000      16500       44
     69500      16500       -5
     69500      26500        0
     64000      26500        0
     64000      16500        0
     62000      14500       46
     79000      14500       -5
     79000      28500        0
     62000      28500        0
     62000      14500        0
     58000      10500       42
     83000      10500       -5
     83000      32500        0
     58000      32500        0
     58000      10500        0
     64000      16500       44
     77000      16500       -5
     77000      26500        0
     64000      26500        0
     64000      16500        0
     72500      17000       50
     76500      17000       -5
     76500      26000        0
     72500      26000        0
     72500      17000        0
     73500      23000       49
     75500      23000       -5
     75500      25000        0
     73500      25000        0
     73500      23000        0
     73500      18000       49
     75500      18000       -5
     75500      20000        0
     73500      20000        0
     73500      18000        0
     69500      16500       47
     71500      16500       -5
     71500      26500        0
     69500      26500        0
     69500      16500        0
     69500      26500       47
     71500      26500       -5
     71500      28500        0
     69500      28500        0
     69500      26500        0
     69500      14500       47
     71500      14500       -5
     71500      16500        0
     69500      16500        0
     69500      14500        0
     71500      16500       44
     77000      16500       -5
     77000      26500        0
     71500      26500        0
     71500      16500        0
     65500      23000       49
     67500      23000       -5
     67500      25000        0
     65500      25000        0
     65500      23000        0
     65500      18000       49
     67500      18000       -5
     67500      20000        0
     65500      20000        0
     65500      18000        0
     64500      17000       50
     68500      17000       -5
     68500      26000        0
     64500      26000        0
     64500      17000        0
     79000      68500       50
     83000      68500       -5
     83000      72500        0
     79000      72500        0
     79000      68500        0
     79000      68500       52
     83000      68500       -5
     83000      72500        0
     79000      72500        0
     79000      68500        0
     80000      69500       51
     82000      69500       -5
     82000      71500        0
     80000      71500        0
     80000      69500        0
     69500      91500       44
     69500     103500       -7
     64000     103500        0
     64000      93500        0
     66500      93500        0
     66500      91500        0
     69500      91500        0
     65500      95000       49
     67500      95000       -5
     67500      97000        0
     65500      97000        0
     65500      95000        0
     65500     100000       49
     67500     100000       -5
     67500     102000        0
     65500     102000        0
     65500     100000        0
     74500      91500       44
     74500      93500       -7
     77000      93500        0
     77000     103500        0
     71500     103500        0
     71500      91500        0
     74500      91500        0
     69500      89500       47
     71500      89500       -5
     71500      91500        0
     69500      91500        0
     69500      89500        0
     69500     103500       47
     71500     103500       -5
     71500     105500        0
     69500     105500        0
     69500     103500        0
     69500      91500       47
     71500      91500       -5
     71500     103500        0
     69500     103500        0
     69500      91500        0
     73500      95000       49
     75500      95000       -5
     75500      97000        0
     73500      97000        0
     73500      95000        0
     73500     100000       49
     75500     100000       -5
     75500     102000        0
     73500     102000        0
     73500     100000        0
     72500      94000       50
     76500      94000       -5
     76500     103000        0
     72500     103000        0
     72500      94000        0
     74500      91500       44
     74500      93500       -9
     77000      93500        0
     77000     103500        0
     64000     103500        0
     64000      93500        0
     66500      93500        0
     66500      91500        0
     74500      91500        0
     64500      94000       50
     68500      94000       -5
     68500     103000        0
     64500     103000        0
     64500      94000        0
     76500      89500       45
     76500      91500       -9
     79000      91500        0
     79000     105500        0
     62000     105500        0
     62000      91500        0
     64500      91500        0
     64500      89500        0
     76500      89500        0
     80500      85500       43
     80500      87500       -9
     83000      87500        0
     83000     109500        0
     58000     109500        0
     58000      87500        0
     60500      87500        0
     60500      85500        0
     80500      85500        0
     61500      54500       50
     65500      54500       -5
     65500      58500        0
     61500      58500        0
     61500      54500        0
     61500      54500       52
     65500      54500       -5
     65500      58500        0
     61500      58500        0
     61500      54500        0
     62500      55500       51
     64500      55500       -5
     64500      57500        0
     62500      57500        0
     62500      55500        0
     58000     110000      150
     83000     110000       -5
     83000     120000        0
     58000     120000        0
     58000     110000        0
     58000          0      150
     83000          0       -5
     83000      10000        0
     58000      10000        0
     58000          0        0
     68500       4500      150
     72500       4500       -5
     72500       8500        0
     68500       8500        0
     68500       4500        0
     68500     111500      150
     72500     111500       -5
     72500     115500        0
     68500     115500        0
     68500     111500        0
     61500      74500      150
     65500      74500       -5
     65500      78500        0
     61500      78500        0
     61500      74500        0
     65500       5500      150
     68500       5500       -5
     68500      20000        0
     65500      20000        0
     65500       5500        0
     65000      99500      150
     68000      99500       -5
     68000     114000        0
     65000     114000        0
     65000      99500        0
     76000      69000      150
     76000      72000       -5
     79500      72000        0
     79500      69000        0
     76000      69000        0
     73000      44500      150
     73000      22000       -5
     76000      22000        0
     76000      44500        0
     73000      44500        0
     73000     102000      150
     73000      41500       -5
     76000      41500        0
     76000     102000        0
     73000     102000        0
     62000      58000      150
     62000      75000       -5
     65000      75000        0
     65000      58000        0
     62000      58000        0
     58000          0      150
     83000          0       -5
     83000     120000        0
     58000     120000        0
     58000          0        0
     58000     110000       50
     83000     110000       -5
     83000     120000        0
     58000     120000        0
     58000     110000        0
     58000          0       50
     83000          0       -5
     83000      10000        0
     58000      10000        0
     58000          0        0
     79000      68500      163
     83000      68500       -5
     83000      72500        0
     79000      72500        0
     79000      68500        0
     61500      54500      163
     65500      54500       -5
     65500      58500        0
     61500      58500        0
     61500      54500        0
     79000      68500        4
     83000      68500       -5
     83000      72500        0
     79000      72500        0
     79000      68500        0
     61500      54500        4
     65500      54500       -5
     65500      58500        0
     61500      58500        0
     61500      54500        0
     58000          0        3
     83000          0       -5
     83000      10000        0
     58000      10000        0
     58000          0        0
     58000     110000        3
     83000     110000       -5
     83000     120000        0
     58000     120000        0
     58000     110000        0
     69500     112500       49
     71500     112500       -5
     71500     114500        0
     69500     114500        0
     69500     112500        0
     69500       5500       49
     71500       5500       -5
     71500       7500        0
     69500       7500        0
     69500       5500        0
     67500     110500       44
     73500     110500       -5
     73500     116500        0
     67500     116500        0
     67500     110500        0
     67500       3500       44
     73500       3500       -5
     73500       9500        0
     67500       9500        0
     67500       3500        0
     64500        500       42
     76500        500       -5
     76500      12500        0
     64500      12500        0
     64500        500        0
     65500       1500       45
     75500       1500       -5
     75500      11500        0
     65500      11500        0
     65500       1500        0
     61000      74000       47
     66000      74000       -5
     66000      79000        0
     61000      79000        0
     61000      74000        0
     69500      93500       47
     69500      83000       -5
     71500      83000        0
     71500      93500        0
     69500      93500        0
     71500      83000       47
     71500      85000       -5
     64000      85000        0
     64000      83000        0
     71500      83000        0
     64000      85000       47
     64000      56000       -5
     66000      56000        0
     66000      85000        0
     64000      85000        0
     66000      56000       47
     66000      58000       -5
     69500      58000        0
     69500      56000        0
     66000      56000        0
     69500      58000       47
     69500      48000       -5
     71500      48000        0
     71500      58000        0
     69500      58000        0
     69500      50500       47
     69500      26500       -5
     71500      26500        0
     71500      50500        0
     69500      50500        0
     62500      75500       48
     64500      75500       -5
     64500      77500        0
     62500      77500        0
     62500      75500        0
     65500     108500       46
     75500     108500       -5
     75500     118500        0
     65500     118500        0
     65500     108500        0
     64500     107500       43
     76500     107500       -5
     76500     119500        0
     64500     119500        0
     64500     107500        0
     68500       4500       50
     72500       4500       -5
     72500       8500        0
     68500       8500        0
     68500       4500        0
     68500     111500       50
     72500     111500       -5
     72500     115500        0
     68500     115500        0
     68500     111500        0
     61500      74500       50
     65500      74500       -5
     65500      78500        0
     61500      78500        0
     61500      74500        0
     65500       5500       50
     68500       5500       -5
     68500      20000        0
     65500      20000        0
     65500       5500        0
     76000      69000       50
     76000      72000       -5
     79500      72000        0
     79500      69000        0
     76000      69000        0
     73000      44500       50
     73000      22000       -5
     76000      22000        0
     76000      44500        0
     73000      44500        0
     65000      99500       50
     68000      99500       -5
     68000     114000        0
     65000     114000        0
     65000      99500        0
     73000     102000       50
     73000      41500       -5
     76000      41500        0
     76000     102000        0
     73000     102000        0
     62000      58000       50
     62000      75000       -5
     65000      75000        0
     65000      58000        0
     62000      58000        0
     86500     -15000       50
     90500     -15000       -5
     90500     -11000        0
     86500     -11000        0
     86500     -15000        0
     86500     -15000       52
     90500     -15000       -5
     90500     -11000        0
     86500     -11000        0
     86500     -15000        0
     87500     -14000       51
     89500     -14000       -5
     89500     -12000        0
     87500     -12000        0
     87500     -14000        0
     44000     -30500       50
     48000     -30500       -5
     48000     -26500        0
     44000     -26500        0
     44000     -30500        0
     44000     -30500       52
     48000     -30500       -5
     48000     -26500        0
     44000     -26500        0
     44000     -30500        0
     45000     -29500       51
     47000     -29500       -5
     47000     -27500        0
     45000     -27500        0
     45000     -29500        0
    135000     -47000       50
    139000     -47000       -5
    139000     -43000        0
    135000     -43000        0
    135000     -47000        0
    135000     -47000       52
    139000     -47000       -5
    139000     -43000        0
    135000     -43000        0
    135000     -47000        0
    136000     -46000       51
    138000     -46000       -5
    138000     -44000        0
    136000     -44000        0
    136000     -46000        0
      3500     -15000       50
      7500     -15000       -5
      7500     -11000        0
      3500     -11000        0
      3500     -15000        0
      3500     -15000       52
      7500     -15000       -5
      7500     -11000        0
      3500     -11000        0
      3500     -15000        0
      4500     -14000       51
      6500     -14000       -5
      6500     -12000        0
      4500     -12000        0
      4500     -14000        0
     61500     -30500       50
     65500     -30500       -5
     65500     -26500        0
     61500     -26500        0
     61500     -30500        0
     61500     -30500       52
     65500     -30500       -5
     65500     -26500        0
     61500     -26500        0
     61500     -30500        0
     62500     -29500       51
     64500     -29500       -5
     64500     -27500        0
     62500     -27500        0
     62500     -29500        0
     44000     -30500        4
     48000     -30500       -5
     48000     -26500        0
     44000     -26500        0
     44000     -30500        0
    144000     -18000        4
    148000     -18000       -5
    148000     -14000        0
    144000     -14000        0
    144000     -18000        0
      4000     -14500       50
      7000     -14500       -5
      7000     -11500        0
      4000     -11500        0
      4000     -14500        0
         0     110000       50
    149000     110000       -5
    149000     120000        0
         0     120000        0
         0     110000        0
         0          0       50
    149000          0       -5
    149000      10000        0
         0      10000        0
         0          0        0
     53000     -47000      163
     57000     -47000       -5
     57000     -43000        0
     53000     -43000        0
     53000     -47000        0
    144000     -18000      163
    148000     -18000       -5
    148000     -14000        0
    144000     -14000        0
    144000     -18000        0
     86500     -15000      163
     90500     -15000       -5
     90500     -11000        0
     86500     -11000        0
     86500     -15000        0
     44000     -30500      163
     48000     -30500       -5
     48000     -26500        0
     44000     -26500        0
     44000     -30500        0
    135000     -47000      163
    139000     -47000       -5
    139000     -43000        0
    135000     -43000        0
    135000     -47000        0
      3500     -15000      163
      7500     -15000       -5
      7500     -11000        0
      3500     -11000        0
      3500     -15000        0
     61500     -30500      163
     65500     -30500       -5
     65500     -26500        0
     61500     -26500        0
     61500     -30500        0
     44500      55500       52
     44500     -30000       -5
     47500     -30000        0
     47500      55500        0
     44500      55500        0
    144500     -14500       52
    144500      51000       -5
    147500      51000        0
    147500     -14500        0
    144500     -14500        0
    135500      55500       52
    135500     -46500       -5
    138500     -46500        0
    138500      55500        0
    135500      55500        0
     53500      54000       52
     53500     -46500       -5
     56500     -46500        0
     56500      54000        0
     53500      54000        0
    102500      57500       52
    102500      69000       -5
    105500      69000        0
    105500      57500        0
    102500      57500        0
    105500      69000       52
    105500      72000       -5
     81500      72000        0
     81500      69000        0
    105500      69000        0
    121000      48500       52
    121000      51500       -5
    111500      51500        0
    111500      48500        0
    121000      48500        0
    111500      51500       52
    111500      49000       -5
    114500      49000        0
    114500      51500        0
    111500      51500        0
      4000      58000       52
      4000     -14500       -5
      7000     -14500        0
      7000      58000        0
      4000      58000        0
     87000      51500       52
     87000     -14000       -5
     90000     -14000        0
     90000      51500        0
     87000      51500        0
     21500      51500       52
     21500      67000       -5
     24500      67000        0
     24500      51500        0
     21500      51500        0
     30000      48500       52
     30000      51500       -5
     21500      51500        0
     21500      48500        0
     30000      48500        0
     62000      58000       52
     62000     -30000       -5
     65000     -30000        0
     65000      58000        0
     62000      58000        0
     56500     -46500       50
     56500     -43500       -5
    135500     -43500        0
    135500     -46500        0
     56500     -46500        0
      6500     -14500       50
      6500     -11500       -5
     87000     -11500        0
     87000     -14500        0
      6500     -14500        0
     47500     -30000       50
     47500     -27000       -5
     62000     -27000        0
     62000     -30000        0
     47500     -30000        0
         0          0    1e-009